# This is a list of gene ids to ignore for normalization purposes
# currently this is a list of human and mouse keratins
# additional gene ids can be added in their own row
# Use '#' to make comments/notes on a separate line
#
#
3848
3858
3859
85349
85348
85344
85340
643865
3860
3861
3866
3868
729252
400578
644945
339244
353196
3872
147228
339241
729682
3875
3879
360019
3876
643471
392371
119722
729211
391827
344866
342374
339781
54044
121054
132391
442252
642448
340460
391647
729634
390418
343326
729050
170527
643858
646723
391179
647162
391589
391584
442406
392214
441133
344462
391256
390904
345430
391819
151825
139748
391803
391458
390634
340598
392516
728300
442236
391703
100418769
100418792
284085
122592
100418877
125242
442205
3880
441160
160313
442114
3849
54474
125113
643115
25984
192666
147183
353288
342574
162605
3850
3881
3882
3883
3884
3885
3886
8689
8688
8687
390792
100418779
3851
125115
8686
284116
3852
3853
3854
286887
3855
112802
140807
319101
121391
9119
51350
374454
196374
338785
3856
144501
3887
3888
3889
3890
3891
3892
338017
344320
347265
90133
730023
347333
645834
220959
392479
442078
644998
390472
441218
126811
342419
390610
729344
402134
390211
442455
391099
391155
728638
391485
728167
100289133
100418737
100418811
100418747
100418748
100287325
100418799
100418781
100418728
283102
100418750
100289319
100129958
149501
100418744
342732
392552
729131
402429
390601
3857
81851
81850
728255
83895
386677
353333
386678
386685
100874224
386679
386682
386672
386680
386674
386675
386681
386676
337880
353332
353323
386683
386684
140258
337959
337960
284827
337964
337965
254950
85276
100505753
83902
337882
337983
337984
337969
337970
337971
337972
337973
337974
728299
337982
81872
728279
85295
85294
85343
337975
337976
337985
100151643
337977
337978
100288323
337986
337979
100288287
337963
643803
100131902
388818
643812
100533177
83896
83897
85293
85345
85285
653240
83755
85354
85291
85290
84616
85289
81871
100132476
728224
100132386
387264
387273
440051
387275
387276
440021
387266
387267
439915
440023
440050
57830
3846
337966
337967
337968
337878
337879
337980
337981
85281
728318
85347
83899
83900
85280
85278
100507608
85277
100505724
83901
81870
200185
200634
16678
108192
16661
268482
16663
16664
16665
16666
16667
16668
16669
111452
16681
66809
268481
94179
75706
70810
320864
16675
70843
16660
108198
16659
16670
71888
16671
16672
53617
16673
237934
16682
406221
68239
110308
110309
108236
108237
16687
16688
110310
56735
105866
223915
406222
109052
77055
406220
332131
223917
16691
74127
64818
114566
406219
16680
53622
16679
107656
435273
629873
69664
544710
100191037
16693
16694
16699
268905
23927
26560
170651
100040191
170939
170652
170657
71369
170654
77918
170655
170656
68484
77914
621595
71453
622935
68740
239932
69533
239933
621495
71386
100462664
100859929
69473
66708
66380
70831
432602
665891
69464
435285
68673
68768
76444
665992
665998
50774
71623
77215
50775
114666
16700
16701
100040249
71363
16703
16704
16705
75586
435286
66059
69815
# Mouse hemoglobin and albumin
15130
15129
11657
101488143
100563605
15122
110257
